__label__trung_binh:0.23140769471515227 
__label__kem:0.06663904813764882 
__label__xuat_sac:0.19720715163115152 
__label__tot:0.4894214400590482 
__label__rat_kem:0.015324665456999217 
